0.03836930455635492 0.031175059952038373 0.1750599520383693 0.045563549160671464 0.03836930455635492 0.031175059952038373 0.03836930455635492 0.023980815347721823 0.031175059952038373 0.05995203836930456 0.18944844124700239 0.13908872901678657 0.045563549160671464 0.07434052757793766 0.03836930455635492 
0.04504504504504505 0.04504504504504505 0.07207207207207209 0.07207207207207209 0.07207207207207209 0.058558558558558564 0.04504504504504505 0.04504504504504505 0.04504504504504505 0.058558558558558564 0.04504504504504505 0.04504504504504505 0.26126126126126126 0.04504504504504505 0.04504504504504505 
0.03831417624521073 0.03831417624521073 0.11877394636015326 0.06130268199233717 0.03831417624521073 0.04980842911877395 0.03831417624521073 0.04980842911877395 0.1417624521072797 0.09578544061302682 0.03831417624521073 0.03831417624521073 0.16475095785440613 0.04980842911877395 0.03831417624521073 
0.042735042735042736 0.042735042735042736 0.06837606837606838 0.042735042735042736 0.042735042735042736 0.042735042735042736 0.055555555555555566 0.055555555555555566 0.055555555555555566 0.042735042735042736 0.042735042735042736 0.042735042735042736 0.3247863247863248 0.042735042735042736 0.055555555555555566 
0.04566210045662101 0.04566210045662101 0.059360730593607317 0.04566210045662101 0.04566210045662101 0.04566210045662101 0.08675799086757992 0.059360730593607317 0.04566210045662101 0.059360730593607317 0.059360730593607317 0.04566210045662101 0.2511415525114155 0.04566210045662101 0.059360730593607317 
0.05555555555555556 0.12222222222222223 0.05555555555555556 0.05555555555555556 0.08888888888888889 0.05555555555555556 0.05555555555555556 0.05555555555555556 0.07222222222222223 0.05555555555555556 0.05555555555555556 0.05555555555555556 0.05555555555555556 0.10555555555555557 0.05555555555555556 
0.056547619047619055 0.029761904761904764 0.11011904761904763 0.04761904761904762 0.0386904761904762 0.0386904761904762 0.23511904761904762 0.04761904761904762 0.04761904761904762 0.19047619047619047 0.029761904761904764 0.029761904761904764 0.029761904761904764 0.0386904761904762 0.029761904761904764 
0.0386904761904762 0.0386904761904762 0.029761904761904764 0.0386904761904762 0.029761904761904764 0.029761904761904764 0.5029761904761905 0.056547619047619055 0.029761904761904764 0.029761904761904764 0.056547619047619055 0.029761904761904764 0.029761904761904764 0.029761904761904764 0.029761904761904764 
0.05668934240362812 0.022675736961451247 0.07709750566893424 0.036281179138321996 0.022675736961451247 0.04308390022675737 0.15192743764172334 0.07709750566893424 0.04308390022675737 0.29478458049886624 0.036281179138321996 0.029478458049886625 0.05668934240362812 0.022675736961451247 0.029478458049886625 
0.058558558558558564 0.04504504504504505 0.07207207207207209 0.058558558558558564 0.04504504504504505 0.058558558558558564 0.16666666666666669 0.04504504504504505 0.12612612612612614 0.07207207207207209 0.04504504504504505 0.04504504504504505 0.04504504504504505 0.04504504504504505 0.07207207207207209 
0.058479532163742694 0.058479532163742694 0.058479532163742694 0.12865497076023394 0.058479532163742694 0.058479532163742694 0.09356725146198831 0.058479532163742694 0.058479532163742694 0.058479532163742694 0.058479532163742694 0.058479532163742694 0.058479532163742694 0.0760233918128655 0.058479532163742694 
0.04761904761904762 0.0695970695970696 0.058608058608058615 0.058608058608058615 0.03663003663003663 0.058608058608058615 0.12454212454212454 0.03663003663003663 0.11355311355311357 0.11355311355311357 0.058608058608058615 0.0695970695970696 0.058608058608058615 0.058608058608058615 0.03663003663003663 
0.06837606837606838 0.042735042735042736 0.042735042735042736 0.09401709401709403 0.10683760683760685 0.042735042735042736 0.042735042735042736 0.0811965811965812 0.10683760683760685 0.042735042735042736 0.0811965811965812 0.09401709401709403 0.055555555555555566 0.055555555555555566 0.042735042735042736 
0.05747126436781609 0.05747126436781609 0.05747126436781609 0.05747126436781609 0.09195402298850576 0.07471264367816093 0.05747126436781609 0.05747126436781609 0.10919540229885058 0.05747126436781609 0.05747126436781609 0.05747126436781609 0.07471264367816093 0.05747126436781609 0.07471264367816093 
0.029761904761904764 0.04761904761904762 0.0386904761904762 0.04761904761904762 0.04761904761904762 0.09226190476190477 0.20833333333333331 0.0386904761904762 0.08333333333333334 0.04761904761904762 0.0744047619047619 0.06547619047619048 0.09226190476190477 0.04761904761904762 0.0386904761904762 
0.1021021021021021 0.06606606606606608 0.048048048048048055 0.03003003003003003 0.048048048048048055 0.1021021021021021 0.14714714714714713 0.06606606606606608 0.048048048048048055 0.048048048048048055 0.05705705705705706 0.03903903903903905 0.06606606606606608 0.08408408408408409 0.048048048048048055 
0.03258145363408522 0.17543859649122806 0.07769423558897244 0.09273182957393485 0.025062656641604012 0.03258145363408522 0.07017543859649124 0.07017543859649124 0.07769423558897244 0.025062656641604012 0.20551378446115287 0.025062656641604012 0.025062656641604012 0.04010025062656642 0.025062656641604012 
0.058558558558558564 0.058558558558558564 0.058558558558558564 0.058558558558558564 0.04504504504504505 0.058558558558558564 0.1936936936936937 0.04504504504504505 0.04504504504504505 0.058558558558558564 0.058558558558558564 0.04504504504504505 0.04504504504504505 0.0855855855855856 0.0855855855855856 
0.05026455026455027 0.04232804232804233 0.24867724867724866 0.058201058201058205 0.06613756613756615 0.026455026455026457 0.026455026455026457 0.026455026455026457 0.06613756613756615 0.05026455026455027 0.18518518518518517 0.058201058201058205 0.026455026455026457 0.0343915343915344 0.0343915343915344 
0.045584045584045586 0.045584045584045586 0.25071225071225073 0.045584045584045586 0.03703703703703704 0.02849002849002849 0.02849002849002849 0.02849002849002849 0.045584045584045586 0.045584045584045586 0.25071225071225073 0.05413105413105414 0.02849002849002849 0.02849002849002849 0.03703703703703704 
0.10416666666666667 0.04166666666666667 0.04166666666666667 0.04166666666666667 0.04166666666666667 0.07916666666666668 0.054166666666666675 0.06666666666666668 0.04166666666666667 0.04166666666666667 0.04166666666666667 0.054166666666666675 0.04166666666666667 0.054166666666666675 0.25416666666666665 
0.09635416666666667 0.03385416666666667 0.05729166666666667 0.04166666666666667 0.07291666666666667 0.04166666666666667 0.04166666666666667 0.09635416666666667 0.03385416666666667 0.04947916666666667 0.09635416666666667 0.04166666666666667 0.026041666666666668 0.03385416666666667 0.23697916666666666 
0.05413105413105414 0.03703703703703704 0.05413105413105414 0.045584045584045586 0.02849002849002849 0.07977207977207977 0.02849002849002849 0.08831908831908833 0.02849002849002849 0.045584045584045586 0.07122507122507123 0.03703703703703704 0.045584045584045586 0.03703703703703704 0.3190883190883191 
0.06529209621993128 0.06529209621993128 0.03436426116838488 0.0859106529209622 0.07560137457044674 0.03436426116838488 0.05498281786941581 0.05498281786941581 0.03436426116838488 0.05498281786941581 0.05498281786941581 0.04467353951890035 0.04467353951890035 0.03436426116838488 0.26116838487972505 
0.05649717514124294 0.12429378531073447 0.05649717514124294 0.07344632768361582 0.10734463276836159 0.05649717514124294 0.05649717514124294 0.05649717514124294 0.07344632768361582 0.05649717514124294 0.05649717514124294 0.05649717514124294 0.05649717514124294 0.05649717514124294 0.05649717514124294 
0.07222222222222223 0.05555555555555556 0.05555555555555556 0.12222222222222223 0.07222222222222223 0.07222222222222223 0.05555555555555556 0.05555555555555556 0.07222222222222223 0.05555555555555556 0.07222222222222223 0.05555555555555556 0.05555555555555556 0.07222222222222223 0.05555555555555556 
0.06984126984126984 0.060317460317460325 0.11746031746031746 0.14603174603174604 0.031746031746031744 0.031746031746031744 0.031746031746031744 0.041269841269841276 0.041269841269841276 0.060317460317460325 0.08888888888888889 0.1746031746031746 0.041269841269841276 0.031746031746031744 0.031746031746031744 
0.058479532163742694 0.058479532163742694 0.058479532163742694 0.058479532163742694 0.11111111111111112 0.0760233918128655 0.058479532163742694 0.058479532163742694 0.058479532163742694 0.058479532163742694 0.09356725146198831 0.058479532163742694 0.058479532163742694 0.058479532163742694 0.0760233918128655 
0.06060606060606061 0.0787878787878788 0.06060606060606061 0.06060606060606061 0.09696969696969698 0.06060606060606061 0.06060606060606061 0.06060606060606061 0.06060606060606061 0.06060606060606061 0.09696969696969698 0.06060606060606061 0.06060606060606061 0.06060606060606061 0.06060606060606061 
0.05952380952380953 0.0773809523809524 0.0773809523809524 0.05952380952380953 0.0773809523809524 0.05952380952380953 0.05952380952380953 0.05952380952380953 0.0773809523809524 0.05952380952380953 0.09523809523809525 0.05952380952380953 0.05952380952380953 0.05952380952380953 0.05952380952380953 
0.06060606060606061 0.06060606060606061 0.06060606060606061 0.06060606060606061 0.11515151515151516 0.06060606060606061 0.06060606060606061 0.06060606060606061 0.0787878787878788 0.06060606060606061 0.0787878787878788 0.06060606060606061 0.06060606060606061 0.06060606060606061 0.06060606060606061 
0.06060606060606061 0.06060606060606061 0.0787878787878788 0.06060606060606061 0.09696969696969698 0.06060606060606061 0.06060606060606061 0.06060606060606061 0.06060606060606061 0.06060606060606061 0.0787878787878788 0.06060606060606061 0.06060606060606061 0.0787878787878788 0.06060606060606061 
0.05952380952380953 0.05952380952380953 0.0773809523809524 0.05952380952380953 0.11309523809523811 0.05952380952380953 0.05952380952380953 0.05952380952380953 0.05952380952380953 0.05952380952380953 0.09523809523809525 0.05952380952380953 0.05952380952380953 0.05952380952380953 0.05952380952380953 
0.05952380952380953 0.05952380952380953 0.0773809523809524 0.05952380952380953 0.09523809523809525 0.05952380952380953 0.05952380952380953 0.05952380952380953 0.0773809523809524 0.05952380952380953 0.09523809523809525 0.05952380952380953 0.05952380952380953 0.05952380952380953 0.05952380952380953 
0.06105610561056106 0.12046204620462046 0.021452145214521455 0.03135313531353136 0.026402640264026406 0.0858085808580858 0.1452145214521452 0.06600660066006601 0.04620462046204621 0.026402640264026406 0.04620462046204621 0.036303630363036306 0.06105610561056106 0.1897689768976898 0.036303630363036306 
0.06060606060606061 0.06060606060606061 0.06060606060606061 0.06060606060606061 0.06060606060606061 0.06060606060606061 0.06060606060606061 0.06060606060606061 0.0787878787878788 0.0787878787878788 0.06060606060606061 0.0787878787878788 0.06060606060606061 0.06060606060606061 0.09696969696969698 
0.05952380952380953 0.05952380952380953 0.05952380952380953 0.05952380952380953 0.05952380952380953 0.05952380952380953 0.05952380952380953 0.05952380952380953 0.0773809523809524 0.09523809523809525 0.05952380952380953 0.0773809523809524 0.05952380952380953 0.05952380952380953 0.09523809523809525 
0.05349794238683128 0.06584362139917696 0.07818930041152264 0.05349794238683128 0.05349794238683128 0.07818930041152264 0.0411522633744856 0.05349794238683128 0.0411522633744856 0.1522633744855967 0.05349794238683128 0.05349794238683128 0.12757201646090535 0.05349794238683128 0.0411522633744856 
0.08333333333333334 0.052083333333333336 0.052083333333333336 0.06770833333333334 0.052083333333333336 0.06770833333333334 0.08333333333333334 0.052083333333333336 0.052083333333333336 0.06770833333333334 0.052083333333333336 0.13020833333333334 0.08333333333333334 0.052083333333333336 0.052083333333333336 
0.044444444444444446 0.05777777777777779 0.08444444444444445 0.05777777777777779 0.09777777777777778 0.08444444444444445 0.044444444444444446 0.07111111111111112 0.044444444444444446 0.13777777777777778 0.044444444444444446 0.05777777777777779 0.05777777777777779 0.07111111111111112 0.044444444444444446 
0.035842293906810034 0.035842293906810034 0.057347670250896064 0.057347670250896064 0.057347670250896064 0.057347670250896064 0.06810035842293907 0.046594982078853056 0.057347670250896064 0.057347670250896064 0.046594982078853056 0.057347670250896064 0.2831541218637993 0.046594982078853056 0.035842293906810034 
0.04421768707482994 0.04421768707482994 0.034013605442176874 0.06462585034013606 0.034013605442176874 0.034013605442176874 0.09523809523809525 0.054421768707483 0.04421768707482994 0.06462585034013606 0.054421768707483 0.04421768707482994 0.2789115646258503 0.07482993197278912 0.034013605442176874 
0.05777777777777779 0.05777777777777779 0.05777777777777779 0.07111111111111112 0.044444444444444446 0.044444444444444446 0.044444444444444446 0.044444444444444446 0.05777777777777779 0.044444444444444446 0.11111111111111112 0.05777777777777779 0.05777777777777779 0.08444444444444445 0.16444444444444445 
0.08444444444444445 0.044444444444444446 0.044444444444444446 0.11111111111111112 0.044444444444444446 0.044444444444444446 0.044444444444444446 0.044444444444444446 0.07111111111111112 0.044444444444444446 0.08444444444444445 0.07111111111111112 0.044444444444444446 0.044444444444444446 0.17777777777777778 
0.05649717514124294 0.07344632768361582 0.05649717514124294 0.09039548022598871 0.09039548022598871 0.05649717514124294 0.05649717514124294 0.05649717514124294 0.10734463276836159 0.05649717514124294 0.05649717514124294 0.07344632768361582 0.05649717514124294 0.05649717514124294 0.05649717514124294 
0.04975124378109453 0.04975124378109453 0.04975124378109453 0.04975124378109453 0.0646766169154229 0.04975124378109453 0.13930348258706468 0.0646766169154229 0.10945273631840798 0.04975124378109453 0.04975124378109453 0.04975124378109453 0.09452736318407962 0.07960199004975126 0.04975124378109453 
0.058479532163742694 0.058479532163742694 0.058479532163742694 0.058479532163742694 0.09356725146198831 0.058479532163742694 0.09356725146198831 0.058479532163742694 0.058479532163742694 0.058479532163742694 0.0760233918128655 0.09356725146198831 0.058479532163742694 0.058479532163742694 0.058479532163742694 
0.05649717514124294 0.05649717514124294 0.05649717514124294 0.05649717514124294 0.10734463276836159 0.05649717514124294 0.05649717514124294 0.05649717514124294 0.12429378531073447 0.05649717514124294 0.07344632768361582 0.05649717514124294 0.07344632768361582 0.05649717514124294 0.05649717514124294 
0.058479532163742694 0.058479532163742694 0.058479532163742694 0.058479532163742694 0.14619883040935674 0.058479532163742694 0.058479532163742694 0.0760233918128655 0.058479532163742694 0.058479532163742694 0.058479532163742694 0.058479532163742694 0.058479532163742694 0.0760233918128655 0.058479532163742694 
0.0687830687830688 0.052910052910052914 0.052910052910052914 0.08465608465608467 0.052910052910052914 0.052910052910052914 0.0687830687830688 0.08465608465608467 0.052910052910052914 0.08465608465608467 0.052910052910052914 0.0687830687830688 0.052910052910052914 0.0687830687830688 0.10052910052910054 
0.07077625570776257 0.029680365296803658 0.13926940639269406 0.03652968036529681 0.09132420091324202 0.03652968036529681 0.022831050228310504 0.07077625570776257 0.022831050228310504 0.022831050228310504 0.029680365296803658 0.029680365296803658 0.05022831050228311 0.05707762557077626 0.2899543378995434 
0.060185185185185196 0.14351851851851852 0.060185185185185196 0.07407407407407408 0.0462962962962963 0.0462962962962963 0.060185185185185196 0.07407407407407408 0.0462962962962963 0.0462962962962963 0.060185185185185196 0.0462962962962963 0.07407407407407408 0.07407407407407408 0.08796296296296297 
0.05952380952380953 0.0773809523809524 0.05952380952380953 0.0773809523809524 0.05952380952380953 0.05952380952380953 0.05952380952380953 0.0773809523809524 0.05952380952380953 0.0773809523809524 0.05952380952380953 0.05952380952380953 0.05952380952380953 0.0773809523809524 0.0773809523809524 
0.08239700374531836 0.16104868913857678 0.03745318352059925 0.07116104868913858 0.07116104868913858 0.03745318352059925 0.03745318352059925 0.08239700374531836 0.03745318352059925 0.048689138576779034 0.05992509363295881 0.03745318352059925 0.03745318352059925 0.10486891385767791 0.09363295880149813 
0.049019607843137254 0.07843137254901962 0.049019607843137254 0.049019607843137254 0.07843137254901962 0.13725490196078433 0.049019607843137254 0.07843137254901962 0.07843137254901962 0.049019607843137254 0.049019607843137254 0.06372549019607844 0.049019607843137254 0.06372549019607844 0.07843137254901962 
0.09523809523809525 0.05952380952380953 0.05952380952380953 0.05952380952380953 0.0773809523809524 0.0773809523809524 0.05952380952380953 0.05952380952380953 0.05952380952380953 0.05952380952380953 0.05952380952380953 0.05952380952380953 0.05952380952380953 0.05952380952380953 0.09523809523809525 
0.05952380952380953 0.09523809523809525 0.05952380952380953 0.05952380952380953 0.05952380952380953 0.05952380952380953 0.05952380952380953 0.05952380952380953 0.05952380952380953 0.0773809523809524 0.05952380952380953 0.05952380952380953 0.05952380952380953 0.11309523809523811 0.05952380952380953 
0.07305936073059362 0.14155251141552513 0.059360730593607317 0.04566210045662101 0.04566210045662101 0.04566210045662101 0.059360730593607317 0.04566210045662101 0.059360730593607317 0.059360730593607317 0.07305936073059362 0.04566210045662101 0.04566210045662101 0.12785388127853883 0.07305936073059362 
0.06535947712418301 0.06535947712418301 0.06535947712418301 0.06535947712418301 0.06535947712418301 0.06535947712418301 0.06535947712418301 0.06535947712418301 0.08496732026143793 0.06535947712418301 0.06535947712418301 0.06535947712418301 0.06535947712418301 0.06535947712418301 0.06535947712418301 
0.06535947712418301 0.06535947712418301 0.06535947712418301 0.06535947712418301 0.06535947712418301 0.06535947712418301 0.06535947712418301 0.06535947712418301 0.06535947712418301 0.06535947712418301 0.06535947712418301 0.06535947712418301 0.08496732026143793 0.06535947712418301 0.06535947712418301 
0.06535947712418301 0.06535947712418301 0.06535947712418301 0.06535947712418301 0.06535947712418301 0.06535947712418301 0.06535947712418301 0.06535947712418301 0.06535947712418301 0.06535947712418301 0.06535947712418301 0.06535947712418301 0.06535947712418301 0.06535947712418301 0.08496732026143793 
0.06666666666666668 0.12820512820512822 0.05128205128205129 0.05128205128205129 0.05128205128205129 0.06666666666666668 0.06666666666666668 0.11282051282051284 0.05128205128205129 0.05128205128205129 0.05128205128205129 0.05128205128205129 0.05128205128205129 0.09743589743589745 0.05128205128205129 
0.06535947712418301 0.06535947712418301 0.06535947712418301 0.06535947712418301 0.06535947712418301 0.06535947712418301 0.06535947712418301 0.06535947712418301 0.06535947712418301 0.06535947712418301 0.06535947712418301 0.06535947712418301 0.08496732026143793 0.06535947712418301 0.06535947712418301 
0.07885304659498209 0.13261648745519714 0.035842293906810034 0.046594982078853056 0.046594982078853056 0.11111111111111112 0.06810035842293907 0.0896057347670251 0.035842293906810034 0.0896057347670251 0.035842293906810034 0.057347670250896064 0.057347670250896064 0.06810035842293907 0.046594982078853056 
0.08187134502923978 0.046783625730994156 0.046783625730994156 0.05555555555555556 0.10818713450292398 0.05555555555555556 0.05555555555555556 0.06432748538011697 0.1608187134502924 0.09064327485380118 0.046783625730994156 0.029239766081871347 0.029239766081871347 0.03801169590643275 0.09064327485380118 
0.13650793650793652 0.12698412698412698 0.041269841269841276 0.041269841269841276 0.0507936507936508 0.06984126984126984 0.031746031746031744 0.07936507936507937 0.07936507936507937 0.041269841269841276 0.060317460317460325 0.041269841269841276 0.060317460317460325 0.041269841269841276 0.09841269841269842 
0.07650273224043716 0.06010928961748634 0.035519125683060114 0.23224043715846993 0.05191256830601093 0.035519125683060114 0.027322404371584702 0.043715846994535526 0.035519125683060114 0.027322404371584702 0.16666666666666666 0.07650273224043716 0.05191256830601093 0.043715846994535526 0.035519125683060114 
0.054852320675105495 0.06751054852320676 0.054852320675105495 0.042194092827004225 0.054852320675105495 0.042194092827004225 0.042194092827004225 0.11814345991561183 0.06751054852320676 0.06751054852320676 0.054852320675105495 0.06751054852320676 0.054852320675105495 0.042194092827004225 0.1687763713080169 
0.03333333333333333 0.03333333333333333 0.2533333333333333 0.05333333333333334 0.03333333333333333 0.03333333333333333 0.07333333333333333 0.09333333333333334 0.03333333333333333 0.04333333333333334 0.05333333333333334 0.08333333333333334 0.04333333333333334 0.06333333333333334 0.07333333333333333 
0.036231884057971016 0.036231884057971016 0.13405797101449277 0.15579710144927536 0.036231884057971016 0.036231884057971016 0.036231884057971016 0.036231884057971016 0.036231884057971016 0.036231884057971016 0.10144927536231885 0.17753623188405795 0.06884057971014493 0.036231884057971016 0.036231884057971016 
0.07885304659498209 0.046594982078853056 0.035842293906810034 0.057347670250896064 0.035842293906810034 0.035842293906810034 0.035842293906810034 0.046594982078853056 0.046594982078853056 0.035842293906810034 0.3584229390681004 0.046594982078853056 0.046594982078853056 0.035842293906810034 0.057347670250896064 
0.03508771929824562 0.03508771929824562 0.10877192982456141 0.07719298245614035 0.03508771929824562 0.03508771929824562 0.06666666666666668 0.0456140350877193 0.03508771929824562 0.0456140350877193 0.32982456140350874 0.03508771929824562 0.03508771929824562 0.03508771929824562 0.0456140350877193 
0.05280528052805281 0.04290429042904291 0.08250825082508251 0.05280528052805281 0.04290429042904291 0.04290429042904291 0.06270627062706272 0.06270627062706272 0.04290429042904291 0.03300330033003301 0.1815181518151815 0.03300330033003301 0.04290429042904291 0.04290429042904291 0.1815181518151815 
0.08239700374531836 0.03745318352059925 0.149812734082397 0.048689138576779034 0.03745318352059925 0.03745318352059925 0.1835205992509363 0.048689138576779034 0.03745318352059925 0.03745318352059925 0.07116104868913858 0.03745318352059925 0.05992509363295881 0.048689138576779034 0.08239700374531836 
0.052910052910052914 0.052910052910052914 0.052910052910052914 0.052910052910052914 0.052910052910052914 0.08465608465608467 0.052910052910052914 0.0687830687830688 0.052910052910052914 0.08465608465608467 0.1798941798941799 0.052910052910052914 0.052910052910052914 0.052910052910052914 0.052910052910052914 
0.09401709401709403 0.17094017094017094 0.042735042735042736 0.06837606837606838 0.06837606837606838 0.055555555555555566 0.042735042735042736 0.055555555555555566 0.055555555555555566 0.042735042735042736 0.10683760683760685 0.06837606837606838 0.042735042735042736 0.042735042735042736 0.042735042735042736 
0.049019607843137254 0.06372549019607844 0.09313725490196079 0.07843137254901962 0.06372549019607844 0.049019607843137254 0.06372549019607844 0.049019607843137254 0.06372549019607844 0.06372549019607844 0.07843137254901962 0.049019607843137254 0.06372549019607844 0.07843137254901962 0.09313725490196079 
0.08627450980392158 0.09803921568627452 0.05098039215686275 0.0392156862745098 0.0627450980392157 0.0392156862745098 0.0392156862745098 0.07450980392156864 0.0627450980392157 0.0627450980392157 0.0627450980392157 0.0392156862745098 0.0392156862745098 0.1568627450980392 0.08627450980392158 
0.07407407407407408 0.20538720538720537 0.05387205387205388 0.06397306397306397 0.05387205387205388 0.03367003367003367 0.03367003367003367 0.07407407407407408 0.06397306397306397 0.03367003367003367 0.04377104377104378 0.08417508417508418 0.03367003367003367 0.09427609427609428 0.05387205387205388 
0.09157509157509158 0.2783882783882784 0.058608058608058615 0.058608058608058615 0.03663003663003663 0.03663003663003663 0.04761904761904762 0.058608058608058615 0.04761904761904762 0.058608058608058615 0.058608058608058615 0.058608058608058615 0.03663003663003663 0.03663003663003663 0.03663003663003663 
0.05518763796909493 0.0684326710816777 0.04856512141280354 0.04856512141280354 0.028697571743929364 0.02207505518763797 0.3598233995584989 0.08167770419426049 0.02207505518763797 0.02207505518763797 0.0684326710816777 0.04856512141280354 0.028697571743929364 0.0750551876379691 0.02207505518763797 
0.09166666666666667 0.09166666666666667 0.04166666666666667 0.06666666666666668 0.054166666666666675 0.04166666666666667 0.04166666666666667 0.06666666666666668 0.054166666666666675 0.04166666666666667 0.054166666666666675 0.04166666666666667 0.06666666666666668 0.054166666666666675 0.19166666666666668 
0.13333333333333333 0.05098039215686275 0.0627450980392157 0.05098039215686275 0.10980392156862746 0.0392156862745098 0.1215686274509804 0.0392156862745098 0.0392156862745098 0.05098039215686275 0.08627450980392158 0.0627450980392157 0.0627450980392157 0.0392156862745098 0.05098039215686275 
0.05128205128205129 0.06666666666666668 0.05128205128205129 0.05128205128205129 0.08205128205128207 0.09743589743589745 0.06666666666666668 0.06666666666666668 0.05128205128205129 0.08205128205128207 0.08205128205128207 0.06666666666666668 0.08205128205128207 0.05128205128205129 0.05128205128205129 
0.05128205128205129 0.05128205128205129 0.05128205128205129 0.05128205128205129 0.06666666666666668 0.11282051282051284 0.06666666666666668 0.06666666666666668 0.05128205128205129 0.06666666666666668 0.06666666666666668 0.08205128205128207 0.08205128205128207 0.06666666666666668 0.06666666666666668 
0.05128205128205129 0.11282051282051284 0.05128205128205129 0.05128205128205129 0.06666666666666668 0.05128205128205129 0.05128205128205129 0.05128205128205129 0.05128205128205129 0.05128205128205129 0.05128205128205129 0.05128205128205129 0.05128205128205129 0.18974358974358976 0.06666666666666668 
0.08651399491094149 0.033078880407124686 0.26208651399491095 0.07124681933842239 0.04071246819338423 0.033078880407124686 0.033078880407124686 0.09414758269720103 0.025445292620865142 0.04071246819338423 0.07124681933842239 0.06361323155216285 0.07124681933842239 0.04071246819338423 0.033078880407124686 
0.06727828746177371 0.03975535168195719 0.10397553516819573 0.07645259938837921 0.03975535168195719 0.030581039755351685 0.030581039755351685 0.08562691131498472 0.0489296636085627 0.030581039755351685 0.10397553516819573 0.07645259938837921 0.03975535168195719 0.14067278287461774 0.08562691131498472 
0.07520325203252033 0.05081300813008131 0.032520325203252036 0.258130081300813 0.05081300813008131 0.044715447154471545 0.08739837398373984 0.03861788617886179 0.032520325203252036 0.02032520325203252 0.13617886178861788 0.05691056910569106 0.02642276422764228 0.05691056910569106 0.032520325203252036 
0.13763440860215054 0.04086021505376344 0.04731182795698925 0.2537634408602151 0.04086021505376344 0.027956989247311832 0.04086021505376344 0.053763440860215055 0.027956989247311832 0.027956989247311832 0.10537634408602149 0.07956989247311828 0.03440860215053764 0.053763440860215055 0.027956989247311832 
0.06333333333333334 0.04333333333333334 0.03333333333333333 0.2333333333333333 0.04333333333333334 0.04333333333333334 0.04333333333333334 0.03333333333333333 0.04333333333333334 0.04333333333333334 0.15333333333333335 0.06333333333333334 0.06333333333333334 0.05333333333333334 0.04333333333333334 
0.09356725146198831 0.058479532163742694 0.058479532163742694 0.058479532163742694 0.11111111111111112 0.058479532163742694 0.058479532163742694 0.058479532163742694 0.058479532163742694 0.0760233918128655 0.058479532163742694 0.058479532163742694 0.058479532163742694 0.0760233918128655 0.058479532163742694 
0.08602150537634409 0.053763440860215055 0.053763440860215055 0.10215053763440861 0.08602150537634409 0.053763440860215055 0.053763440860215055 0.053763440860215055 0.053763440860215055 0.06989247311827958 0.06989247311827958 0.053763440860215055 0.053763440860215055 0.053763440860215055 0.10215053763440861 
0.3046594982078853 0.035842293906810034 0.046594982078853056 0.035842293906810034 0.046594982078853056 0.046594982078853056 0.046594982078853056 0.07885304659498209 0.057347670250896064 0.046594982078853056 0.06810035842293907 0.035842293906810034 0.046594982078853056 0.035842293906810034 0.06810035842293907 
0.07960199004975126 0.0646766169154229 0.04975124378109453 0.04975124378109453 0.04975124378109453 0.04975124378109453 0.04975124378109453 0.07960199004975126 0.04975124378109453 0.04975124378109453 0.04975124378109453 0.04975124378109453 0.04975124378109453 0.18407960199004977 0.09452736318407962 
0.20797720797720798 0.10541310541310542 0.045584045584045586 0.03703703703703704 0.06267806267806268 0.03703703703703704 0.02849002849002849 0.07122507122507123 0.03703703703703704 0.02849002849002849 0.07977207977207977 0.03703703703703704 0.045584045584045586 0.13105413105413105 0.045584045584045586 
0.025490196078431376 0.14313725490196078 0.09607843137254901 0.03137254901960785 0.03725490196078432 0.0607843137254902 0.0196078431372549 0.09019607843137255 0.04313725490196079 0.04313725490196079 0.06666666666666667 0.03137254901960785 0.03725490196078432 0.13137254901960785 0.14313725490196078 
0.0627450980392157 0.09803921568627452 0.05098039215686275 0.05098039215686275 0.05098039215686275 0.05098039215686275 0.0392156862745098 0.05098039215686275 0.07450980392156864 0.05098039215686275 0.05098039215686275 0.0392156862745098 0.05098039215686275 0.10980392156862746 0.16862745098039217 
0.07279693486590039 0.17624521072796936 0.03831417624521073 0.04980842911877395 0.04980842911877395 0.04980842911877395 0.03831417624521073 0.03831417624521073 0.06130268199233717 0.04980842911877395 0.04980842911877395 0.03831417624521073 0.07279693486590039 0.0842911877394636 0.1302681992337165 
0.08465608465608467 0.08465608465608467 0.052910052910052914 0.052910052910052914 0.052910052910052914 0.052910052910052914 0.052910052910052914 0.052910052910052914 0.11640211640211641 0.052910052910052914 0.0687830687830688 0.052910052910052914 0.0687830687830688 0.052910052910052914 0.10052910052910054 
0.0811965811965812 0.10683760683760685 0.0811965811965812 0.055555555555555566 0.055555555555555566 0.055555555555555566 0.042735042735042736 0.06837606837606838 0.042735042735042736 0.055555555555555566 0.055555555555555566 0.042735042735042736 0.042735042735042736 0.10683760683760685 0.10683760683760685 
0.06060606060606061 0.027548209366391185 0.18457300275482091 0.07713498622589532 0.027548209366391185 0.03581267217630855 0.07713498622589532 0.027548209366391185 0.06060606060606061 0.044077134986225903 0.25068870523415976 0.03581267217630855 0.027548209366391185 0.027548209366391185 0.03581267217630855 
0.13218390804597702 0.03735632183908046 0.06321839080459771 0.04597701149425288 0.08045977011494253 0.04597701149425288 0.1235632183908046 0.04597701149425288 0.03735632183908046 0.028735632183908046 0.08045977011494253 0.06321839080459771 0.03735632183908046 0.1235632183908046 0.05459770114942529 
0.06148867313915858 0.05177993527508091 0.06148867313915858 0.07119741100323625 0.03236245954692557 0.03236245954692557 0.05177993527508091 0.13915857605177995 0.03236245954692557 0.08090614886731393 0.05177993527508091 0.03236245954692557 0.04207119741100324 0.06148867313915858 0.19741100323624594 
0.04694835680751174 0.061032863849765265 0.04694835680751174 0.04694835680751174 0.04694835680751174 0.04694835680751174 0.04694835680751174 0.04694835680751174 0.04694835680751174 0.04694835680751174 0.11737089201877936 0.04694835680751174 0.04694835680751174 0.2300469483568075 0.07511737089201878 
0.060386473429951695 0.08937198067632851 0.03864734299516909 0.060386473429951695 0.0821256038647343 0.11111111111111112 0.024154589371980676 0.024154589371980676 0.03864734299516909 0.03864734299516909 0.060386473429951695 0.03864734299516909 0.04589371980676329 0.053140096618357495 0.23429951690821257 
0.048148148148148155 0.048148148148148155 0.11481481481481483 0.18148148148148147 0.048148148148148155 0.07037037037037037 0.048148148148148155 0.05925925925925927 0.03703703703703704 0.08148148148148149 0.03703703703703704 0.11481481481481483 0.03703703703703704 0.03703703703703704 0.03703703703703704 
0.032679738562091505 0.11111111111111112 0.16013071895424835 0.032679738562091505 0.032679738562091505 0.062091503267973865 0.062091503267973865 0.12091503267973856 0.032679738562091505 0.04248366013071896 0.052287581699346414 0.04248366013071896 0.032679738562091505 0.052287581699346414 0.13071895424836602 
0.049019607843137254 0.049019607843137254 0.049019607843137254 0.06372549019607844 0.07843137254901962 0.06372549019607844 0.06372549019607844 0.06372549019607844 0.09313725490196079 0.049019607843137254 0.049019607843137254 0.09313725490196079 0.06372549019607844 0.07843137254901962 0.09313725490196079 
0.054852320675105495 0.042194092827004225 0.09282700421940929 0.054852320675105495 0.042194092827004225 0.054852320675105495 0.042194092827004225 0.042194092827004225 0.10548523206751055 0.054852320675105495 0.19409282700421943 0.054852320675105495 0.042194092827004225 0.042194092827004225 0.08016877637130802 
0.05747126436781609 0.05747126436781609 0.05747126436781609 0.07471264367816093 0.07471264367816093 0.05747126436781609 0.07471264367816093 0.07471264367816093 0.05747126436781609 0.05747126436781609 0.09195402298850576 0.05747126436781609 0.07471264367816093 0.07471264367816093 0.05747126436781609 
0.058479532163742694 0.058479532163742694 0.058479532163742694 0.058479532163742694 0.058479532163742694 0.058479532163742694 0.0760233918128655 0.058479532163742694 0.058479532163742694 0.058479532163742694 0.14619883040935674 0.0760233918128655 0.058479532163742694 0.058479532163742694 0.058479532163742694 
0.0760233918128655 0.058479532163742694 0.058479532163742694 0.058479532163742694 0.09356725146198831 0.0760233918128655 0.09356725146198831 0.058479532163742694 0.058479532163742694 0.058479532163742694 0.0760233918128655 0.058479532163742694 0.058479532163742694 0.058479532163742694 0.058479532163742694 
0.07103825136612023 0.054644808743169404 0.054644808743169404 0.054644808743169404 0.10382513661202186 0.054644808743169404 0.12021857923497269 0.054644808743169404 0.054644808743169404 0.054644808743169404 0.054644808743169404 0.054644808743169404 0.07103825136612023 0.054644808743169404 0.08743169398907105 
0.05952380952380953 0.05952380952380953 0.05952380952380953 0.05952380952380953 0.11309523809523811 0.05952380952380953 0.0773809523809524 0.05952380952380953 0.05952380952380953 0.05952380952380953 0.05952380952380953 0.05952380952380953 0.0773809523809524 0.0773809523809524 0.05952380952380953 
0.06289308176100629 0.06289308176100629 0.06289308176100629 0.06289308176100629 0.08176100628930819 0.06289308176100629 0.06289308176100629 0.06289308176100629 0.06289308176100629 0.06289308176100629 0.06289308176100629 0.06289308176100629 0.10062893081761007 0.06289308176100629 0.06289308176100629 
0.07103825136612023 0.054644808743169404 0.054644808743169404 0.054644808743169404 0.08743169398907105 0.07103825136612023 0.08743169398907105 0.07103825136612023 0.054644808743169404 0.054644808743169404 0.07103825136612023 0.054644808743169404 0.10382513661202186 0.054644808743169404 0.054644808743169404 
0.09619686800894856 0.03579418344519016 0.029082774049217008 0.0760626398210291 0.03579418344519016 0.029082774049217008 0.02237136465324385 0.042505592841163314 0.39149888143176736 0.055928411633109625 0.02237136465324385 0.055928411633109625 0.02237136465324385 0.055928411633109625 0.029082774049217008 
0.043290043290043295 0.09523809523809525 0.08225108225108226 0.05627705627705629 0.043290043290043295 0.05627705627705629 0.043290043290043295 0.05627705627705629 0.043290043290043295 0.043290043290043295 0.043290043290043295 0.05627705627705629 0.043290043290043295 0.23809523809523808 0.05627705627705629 
0.0811965811965812 0.10683760683760685 0.0811965811965812 0.042735042735042736 0.042735042735042736 0.042735042735042736 0.042735042735042736 0.042735042735042736 0.055555555555555566 0.055555555555555566 0.042735042735042736 0.042735042735042736 0.042735042735042736 0.055555555555555566 0.2222222222222222 
0.0811965811965812 0.09401709401709403 0.042735042735042736 0.042735042735042736 0.055555555555555566 0.042735042735042736 0.055555555555555566 0.055555555555555566 0.042735042735042736 0.055555555555555566 0.042735042735042736 0.042735042735042736 0.042735042735042736 0.06837606837606838 0.23504273504273504 
0.0811965811965812 0.06837606837606838 0.042735042735042736 0.06837606837606838 0.055555555555555566 0.042735042735042736 0.042735042735042736 0.042735042735042736 0.055555555555555566 0.055555555555555566 0.042735042735042736 0.042735042735042736 0.042735042735042736 0.06837606837606838 0.24786324786324784 
0.06837606837606838 0.055555555555555566 0.042735042735042736 0.042735042735042736 0.042735042735042736 0.042735042735042736 0.042735042735042736 0.055555555555555566 0.055555555555555566 0.06837606837606838 0.042735042735042736 0.042735042735042736 0.042735042735042736 0.06837606837606838 0.2863247863247863 
0.050505050505050504 0.06565656565656566 0.050505050505050504 0.050505050505050504 0.050505050505050504 0.050505050505050504 0.050505050505050504 0.06565656565656566 0.050505050505050504 0.050505050505050504 0.050505050505050504 0.050505050505050504 0.050505050505050504 0.23232323232323232 0.08080808080808081 
0.052083333333333336 0.06770833333333334 0.052083333333333336 0.11458333333333334 0.052083333333333336 0.06770833333333334 0.08333333333333334 0.052083333333333336 0.06770833333333334 0.052083333333333336 0.06770833333333334 0.052083333333333336 0.052083333333333336 0.09895833333333334 0.06770833333333334 
0.054644808743169404 0.07103825136612023 0.07103825136612023 0.054644808743169404 0.054644808743169404 0.054644808743169404 0.12021857923497269 0.054644808743169404 0.054644808743169404 0.10382513661202186 0.07103825136612023 0.054644808743169404 0.07103825136612023 0.054644808743169404 0.054644808743169404 
0.054644808743169404 0.054644808743169404 0.054644808743169404 0.08743169398907105 0.07103825136612023 0.054644808743169404 0.10382513661202186 0.08743169398907105 0.054644808743169404 0.054644808743169404 0.054644808743169404 0.054644808743169404 0.08743169398907105 0.07103825136612023 0.054644808743169404 
0.09452736318407962 0.04975124378109453 0.04975124378109453 0.04975124378109453 0.04975124378109453 0.0646766169154229 0.04975124378109453 0.04975124378109453 0.04975124378109453 0.04975124378109453 0.04975124378109453 0.0646766169154229 0.0646766169154229 0.19900497512437812 0.0646766169154229 
0.054421768707483 0.034013605442176874 0.2789115646258503 0.034013605442176874 0.034013605442176874 0.04421768707482994 0.07482993197278912 0.054421768707483 0.034013605442176874 0.12585034013605442 0.034013605442176874 0.07482993197278912 0.04421768707482994 0.04421768707482994 0.034013605442176874 
0.2230392156862745 0.12009803921568626 0.06127450980392157 0.08333333333333334 0.03186274509803922 0.07598039215686275 0.05392156862745098 0.04656862745098039 0.024509803921568627 0.12745098039215685 0.024509803921568627 0.03186274509803922 0.03186274509803922 0.03186274509803922 0.03186274509803922 
0.16666666666666666 0.06140350877192983 0.1337719298245614 0.10087719298245615 0.03508771929824562 0.054824561403508776 0.04166666666666667 0.028508771929824567 0.028508771929824567 0.1469298245614035 0.028508771929824567 0.06798245614035088 0.028508771929824567 0.04166666666666667 0.03508771929824562 
