0.022452504317789296 0.04835924006908463 0.037996545768566495 0.02763385146804836 0.017271157167530225 0.037996545768566495 0.3955094991364421 0.02763385146804836 0.03281519861830743 0.02763385146804836 0.07426597582037997 0.08981001727115716 0.02763385146804836 0.04317789291882557 0.08981001727115716 
0.0773809523809524 0.0773809523809524 0.05952380952380953 0.05952380952380953 0.05952380952380953 0.0773809523809524 0.05952380952380953 0.05952380952380953 0.05952380952380953 0.05952380952380953 0.05952380952380953 0.05952380952380953 0.05952380952380953 0.05952380952380953 0.11309523809523811 
0.06372549019607844 0.049019607843137254 0.049019607843137254 0.049019607843137254 0.049019607843137254 0.06372549019607844 0.12254901960784315 0.06372549019607844 0.12254901960784315 0.06372549019607844 0.06372549019607844 0.049019607843137254 0.049019607843137254 0.06372549019607844 0.07843137254901962 
0.08465608465608467 0.052910052910052914 0.0687830687830688 0.0687830687830688 0.052910052910052914 0.052910052910052914 0.08465608465608467 0.0687830687830688 0.052910052910052914 0.0687830687830688 0.052910052910052914 0.10052910052910054 0.052910052910052914 0.052910052910052914 0.08465608465608467 
0.04975124378109453 0.04975124378109453 0.04975124378109453 0.04975124378109453 0.0646766169154229 0.09452736318407962 0.13930348258706468 0.04975124378109453 0.07960199004975126 0.04975124378109453 0.04975124378109453 0.07960199004975126 0.04975124378109453 0.0646766169154229 0.07960199004975126 
0.06565656565656566 0.06565656565656566 0.050505050505050504 0.08080808080808081 0.06565656565656566 0.050505050505050504 0.06565656565656566 0.08080808080808081 0.06565656565656566 0.08080808080808081 0.06565656565656566 0.050505050505050504 0.06565656565656566 0.09595959595959597 0.050505050505050504 
0.058479532163742694 0.058479532163742694 0.058479532163742694 0.0760233918128655 0.0760233918128655 0.0760233918128655 0.058479532163742694 0.058479532163742694 0.0760233918128655 0.058479532163742694 0.0760233918128655 0.0760233918128655 0.058479532163742694 0.0760233918128655 0.058479532163742694 
0.06565656565656566 0.08080808080808081 0.06565656565656566 0.06565656565656566 0.08080808080808081 0.050505050505050504 0.09595959595959597 0.050505050505050504 0.050505050505050504 0.050505050505050504 0.08080808080808081 0.050505050505050504 0.050505050505050504 0.06565656565656566 0.09595959595959597 
0.054644808743169404 0.054644808743169404 0.054644808743169404 0.054644808743169404 0.054644808743169404 0.054644808743169404 0.054644808743169404 0.08743169398907105 0.08743169398907105 0.054644808743169404 0.07103825136612023 0.08743169398907105 0.08743169398907105 0.07103825136612023 0.07103825136612023 
0.05747126436781609 0.05747126436781609 0.07471264367816093 0.05747126436781609 0.07471264367816093 0.05747126436781609 0.05747126436781609 0.05747126436781609 0.09195402298850576 0.07471264367816093 0.09195402298850576 0.05747126436781609 0.07471264367816093 0.05747126436781609 0.05747126436781609 
0.09356725146198831 0.058479532163742694 0.058479532163742694 0.0760233918128655 0.058479532163742694 0.058479532163742694 0.0760233918128655 0.058479532163742694 0.058479532163742694 0.09356725146198831 0.058479532163742694 0.058479532163742694 0.0760233918128655 0.058479532163742694 0.058479532163742694 
0.058479532163742694 0.058479532163742694 0.058479532163742694 0.09356725146198831 0.0760233918128655 0.058479532163742694 0.058479532163742694 0.0760233918128655 0.058479532163742694 0.058479532163742694 0.058479532163742694 0.058479532163742694 0.058479532163742694 0.09356725146198831 0.0760233918128655 
0.060185185185185196 0.07407407407407408 0.060185185185185196 0.11574074074074076 0.12962962962962965 0.07407407407407408 0.07407407407407408 0.060185185185185196 0.0462962962962963 0.07407407407407408 0.0462962962962963 0.0462962962962963 0.0462962962962963 0.0462962962962963 0.0462962962962963 
0.06989247311827958 0.06989247311827958 0.053763440860215055 0.06989247311827958 0.053763440860215055 0.053763440860215055 0.06989247311827958 0.06989247311827958 0.15053763440860216 0.053763440860215055 0.053763440860215055 0.053763440860215055 0.06989247311827958 0.053763440860215055 0.053763440860215055 
0.06060606060606061 0.0787878787878788 0.06060606060606061 0.06060606060606061 0.06060606060606061 0.06060606060606061 0.0787878787878788 0.06060606060606061 0.0787878787878788 0.09696969696969698 0.06060606060606061 0.06060606060606061 0.06060606060606061 0.06060606060606061 0.06060606060606061 
0.05128205128205129 0.06666666666666668 0.05128205128205129 0.05128205128205129 0.06666666666666668 0.05128205128205129 0.12820512820512822 0.05128205128205129 0.05128205128205129 0.06666666666666668 0.05128205128205129 0.05128205128205129 0.05128205128205129 0.12820512820512822 0.08205128205128207 
0.058479532163742694 0.058479532163742694 0.058479532163742694 0.058479532163742694 0.0760233918128655 0.058479532163742694 0.058479532163742694 0.0760233918128655 0.058479532163742694 0.058479532163742694 0.0760233918128655 0.058479532163742694 0.058479532163742694 0.0760233918128655 0.11111111111111112 
0.04385964912280702 0.07017543859649124 0.057017543859649134 0.057017543859649134 0.07017543859649124 0.07017543859649124 0.10964912280701755 0.07017543859649124 0.057017543859649134 0.08333333333333334 0.057017543859649134 0.04385964912280702 0.057017543859649134 0.057017543859649134 0.09649122807017545 
0.12820512820512822 0.05128205128205129 0.05128205128205129 0.11282051282051284 0.08205128205128207 0.05128205128205129 0.05128205128205129 0.06666666666666668 0.05128205128205129 0.06666666666666668 0.05128205128205129 0.05128205128205129 0.08205128205128207 0.05128205128205129 0.05128205128205129 
0.07471264367816093 0.05747126436781609 0.05747126436781609 0.05747126436781609 0.05747126436781609 0.07471264367816093 0.05747126436781609 0.09195402298850576 0.05747126436781609 0.05747126436781609 0.05747126436781609 0.05747126436781609 0.07471264367816093 0.09195402298850576 0.07471264367816093 
0.061904761904761914 0.04761904761904762 0.0761904761904762 0.061904761904761914 0.04761904761904762 0.04761904761904762 0.061904761904761914 0.11904761904761905 0.04761904761904762 0.04761904761904762 0.04761904761904762 0.061904761904761914 0.0761904761904762 0.10476190476190476 0.09047619047619049 
0.07843137254901962 0.049019607843137254 0.10784313725490197 0.049019607843137254 0.06372549019607844 0.049019607843137254 0.049019607843137254 0.10784313725490197 0.06372549019607844 0.049019607843137254 0.049019607843137254 0.09313725490196079 0.07843137254901962 0.049019607843137254 0.06372549019607844 
0.06565656565656566 0.050505050505050504 0.06565656565656566 0.050505050505050504 0.050505050505050504 0.08080808080808081 0.11111111111111112 0.050505050505050504 0.06565656565656566 0.06565656565656566 0.08080808080808081 0.08080808080808081 0.06565656565656566 0.050505050505050504 0.06565656565656566 
0.07222222222222223 0.07222222222222223 0.10555555555555557 0.05555555555555556 0.05555555555555556 0.05555555555555556 0.07222222222222223 0.07222222222222223 0.05555555555555556 0.07222222222222223 0.05555555555555556 0.05555555555555556 0.08888888888888889 0.05555555555555556 0.05555555555555556 
0.10185185185185186 0.10185185185185186 0.07407407407407408 0.0462962962962963 0.0462962962962963 0.07407407407407408 0.060185185185185196 0.060185185185185196 0.0462962962962963 0.10185185185185186 0.0462962962962963 0.0462962962962963 0.0462962962962963 0.060185185185185196 0.08796296296296297 
0.04761904761904762 0.061904761904761914 0.09047619047619049 0.0761904761904762 0.061904761904761914 0.0761904761904762 0.09047619047619049 0.04761904761904762 0.0761904761904762 0.061904761904761914 0.04761904761904762 0.0761904761904762 0.04761904761904762 0.09047619047619049 0.04761904761904762 
0.0617283950617284 0.08024691358024692 0.0617283950617284 0.0617283950617284 0.0617283950617284 0.0617283950617284 0.0617283950617284 0.08024691358024692 0.0617283950617284 0.08024691358024692 0.0617283950617284 0.08024691358024692 0.0617283950617284 0.0617283950617284 0.0617283950617284 
0.09895833333333334 0.06770833333333334 0.052083333333333336 0.052083333333333336 0.052083333333333336 0.052083333333333336 0.06770833333333334 0.06770833333333334 0.052083333333333336 0.08333333333333334 0.052083333333333336 0.052083333333333336 0.08333333333333334 0.06770833333333334 0.09895833333333334 
0.052083333333333336 0.052083333333333336 0.08333333333333334 0.06770833333333334 0.08333333333333334 0.052083333333333336 0.08333333333333334 0.052083333333333336 0.052083333333333336 0.052083333333333336 0.06770833333333334 0.052083333333333336 0.06770833333333334 0.09895833333333334 0.08333333333333334 
0.10919540229885058 0.07471264367816093 0.05747126436781609 0.05747126436781609 0.05747126436781609 0.05747126436781609 0.07471264367816093 0.05747126436781609 0.09195402298850576 0.05747126436781609 0.05747126436781609 0.07471264367816093 0.05747126436781609 0.05747126436781609 0.05747126436781609 
0.052083333333333336 0.052083333333333336 0.09895833333333334 0.052083333333333336 0.052083333333333336 0.09895833333333334 0.06770833333333334 0.052083333333333336 0.06770833333333334 0.08333333333333334 0.052083333333333336 0.06770833333333334 0.08333333333333334 0.052083333333333336 0.06770833333333334 
0.04065040650406504 0.04065040650406504 0.10162601626016261 0.05284552845528456 0.04065040650406504 0.04065040650406504 0.12601626016260165 0.07723577235772358 0.07723577235772358 0.06504065040650407 0.05284552845528456 0.10162601626016261 0.05284552845528456 0.04065040650406504 0.08943089430894309 
0.09039548022598871 0.05649717514124294 0.05649717514124294 0.07344632768361582 0.07344632768361582 0.07344632768361582 0.05649717514124294 0.05649717514124294 0.07344632768361582 0.07344632768361582 0.07344632768361582 0.05649717514124294 0.07344632768361582 0.05649717514124294 0.05649717514124294 
0.04566210045662101 0.04566210045662101 0.07305936073059362 0.07305936073059362 0.08675799086757992 0.059360730593607317 0.08675799086757992 0.059360730593607317 0.04566210045662101 0.11415525114155252 0.04566210045662101 0.059360730593607317 0.059360730593607317 0.059360730593607317 0.08675799086757992 
0.052083333333333336 0.06770833333333334 0.08333333333333334 0.06770833333333334 0.06770833333333334 0.09895833333333334 0.052083333333333336 0.052083333333333336 0.09895833333333334 0.052083333333333336 0.052083333333333336 0.06770833333333334 0.052083333333333336 0.052083333333333336 0.08333333333333334 
0.05555555555555556 0.08888888888888889 0.05555555555555556 0.05555555555555556 0.05555555555555556 0.07222222222222223 0.05555555555555556 0.05555555555555556 0.07222222222222223 0.10555555555555557 0.05555555555555556 0.07222222222222223 0.07222222222222223 0.07222222222222223 0.05555555555555556 
0.04504504504504505 0.04504504504504505 0.0855855855855856 0.07207207207207209 0.058558558558558564 0.058558558558558564 0.07207207207207209 0.07207207207207209 0.11261261261261261 0.058558558558558564 0.04504504504504505 0.04504504504504505 0.058558558558558564 0.0855855855855856 0.0855855855855856 
0.0462962962962963 0.07407407407407408 0.07407407407407408 0.0462962962962963 0.08796296296296297 0.08796296296296297 0.0462962962962963 0.060185185185185196 0.07407407407407408 0.08796296296296297 0.060185185185185196 0.060185185185185196 0.060185185185185196 0.07407407407407408 0.060185185185185196 
0.05649717514124294 0.05649717514124294 0.07344632768361582 0.07344632768361582 0.05649717514124294 0.07344632768361582 0.05649717514124294 0.10734463276836159 0.07344632768361582 0.07344632768361582 0.05649717514124294 0.05649717514124294 0.05649717514124294 0.07344632768361582 0.05649717514124294 
0.05747126436781609 0.05747126436781609 0.05747126436781609 0.05747126436781609 0.05747126436781609 0.05747126436781609 0.05747126436781609 0.07471264367816093 0.07471264367816093 0.09195402298850576 0.07471264367816093 0.05747126436781609 0.05747126436781609 0.09195402298850576 0.07471264367816093 
0.053763440860215055 0.053763440860215055 0.11827956989247312 0.053763440860215055 0.053763440860215055 0.06989247311827958 0.053763440860215055 0.08602150537634409 0.053763440860215055 0.08602150537634409 0.053763440860215055 0.053763440860215055 0.08602150537634409 0.06989247311827958 0.053763440860215055 
0.04975124378109453 0.04975124378109453 0.0646766169154229 0.09452736318407962 0.07960199004975126 0.0646766169154229 0.04975124378109453 0.0646766169154229 0.0646766169154229 0.09452736318407962 0.0646766169154229 0.04975124378109453 0.07960199004975126 0.0646766169154229 0.0646766169154229 
0.058558558558558564 0.0855855855855856 0.04504504504504505 0.04504504504504505 0.11261261261261261 0.058558558558558564 0.07207207207207209 0.04504504504504505 0.058558558558558564 0.058558558558558564 0.04504504504504505 0.07207207207207209 0.058558558558558564 0.0855855855855856 0.09909909909909911 
0.08205128205128207 0.11282051282051284 0.09743589743589745 0.05128205128205129 0.05128205128205129 0.06666666666666668 0.08205128205128207 0.05128205128205129 0.05128205128205129 0.05128205128205129 0.05128205128205129 0.05128205128205129 0.05128205128205129 0.08205128205128207 0.06666666666666668 
0.052083333333333336 0.052083333333333336 0.06770833333333334 0.052083333333333336 0.06770833333333334 0.052083333333333336 0.052083333333333336 0.09895833333333334 0.052083333333333336 0.08333333333333334 0.052083333333333336 0.052083333333333336 0.11458333333333334 0.052083333333333336 0.09895833333333334 
0.07729468599033817 0.04830917874396135 0.04830917874396135 0.06280193236714977 0.1352657004830918 0.04830917874396135 0.09178743961352658 0.07729468599033817 0.04830917874396135 0.09178743961352658 0.04830917874396135 0.06280193236714977 0.04830917874396135 0.06280193236714977 0.04830917874396135 
0.061032863849765265 0.04694835680751174 0.04694835680751174 0.07511737089201878 0.08920187793427231 0.061032863849765265 0.04694835680751174 0.07511737089201878 0.08920187793427231 0.07511737089201878 0.08920187793427231 0.04694835680751174 0.08920187793427231 0.061032863849765265 0.04694835680751174 
0.05747126436781609 0.07471264367816093 0.09195402298850576 0.05747126436781609 0.05747126436781609 0.05747126436781609 0.05747126436781609 0.09195402298850576 0.07471264367816093 0.09195402298850576 0.05747126436781609 0.05747126436781609 0.05747126436781609 0.05747126436781609 0.05747126436781609 
0.08333333333333334 0.08333333333333334 0.06770833333333334 0.052083333333333336 0.06770833333333334 0.052083333333333336 0.052083333333333336 0.09895833333333334 0.052083333333333336 0.052083333333333336 0.052083333333333336 0.052083333333333336 0.08333333333333334 0.08333333333333334 0.06770833333333334 
0.07222222222222223 0.08888888888888889 0.05555555555555556 0.07222222222222223 0.07222222222222223 0.05555555555555556 0.05555555555555556 0.10555555555555557 0.05555555555555556 0.07222222222222223 0.07222222222222223 0.05555555555555556 0.05555555555555556 0.05555555555555556 0.05555555555555556 
0.07103825136612023 0.07103825136612023 0.10382513661202186 0.054644808743169404 0.08743169398907105 0.054644808743169404 0.054644808743169404 0.054644808743169404 0.054644808743169404 0.07103825136612023 0.054644808743169404 0.054644808743169404 0.07103825136612023 0.08743169398907105 0.054644808743169404 
0.04694835680751174 0.061032863849765265 0.10328638497652583 0.11737089201877936 0.061032863849765265 0.061032863849765265 0.04694835680751174 0.061032863849765265 0.04694835680751174 0.10328638497652583 0.061032863849765265 0.04694835680751174 0.08920187793427231 0.04694835680751174 0.04694835680751174 
0.0646766169154229 0.10945273631840798 0.09452736318407962 0.12437810945273632 0.04975124378109453 0.0646766169154229 0.04975124378109453 0.07960199004975126 0.04975124378109453 0.04975124378109453 0.04975124378109453 0.04975124378109453 0.04975124378109453 0.04975124378109453 0.0646766169154229 
0.0811965811965812 0.055555555555555566 0.042735042735042736 0.042735042735042736 0.042735042735042736 0.055555555555555566 0.09401709401709403 0.042735042735042736 0.042735042735042736 0.06837606837606838 0.11965811965811966 0.06837606837606838 0.09401709401709403 0.0811965811965812 0.06837606837606838 
0.09195402298850576 0.07471264367816093 0.07471264367816093 0.05747126436781609 0.07471264367816093 0.05747126436781609 0.05747126436781609 0.05747126436781609 0.05747126436781609 0.05747126436781609 0.05747126436781609 0.07471264367816093 0.07471264367816093 0.05747126436781609 0.07471264367816093 
0.13725490196078433 0.049019607843137254 0.049019607843137254 0.06372549019607844 0.06372549019607844 0.049019607843137254 0.049019607843137254 0.07843137254901962 0.06372549019607844 0.049019607843137254 0.06372549019607844 0.12254901960784315 0.049019607843137254 0.049019607843137254 0.06372549019607844 
0.08465608465608467 0.08465608465608467 0.052910052910052914 0.052910052910052914 0.052910052910052914 0.0687830687830688 0.052910052910052914 0.052910052910052914 0.08465608465608467 0.052910052910052914 0.11640211640211641 0.0687830687830688 0.052910052910052914 0.052910052910052914 0.0687830687830688 
0.042194092827004225 0.09282700421940929 0.042194092827004225 0.054852320675105495 0.042194092827004225 0.08016877637130802 0.06751054852320676 0.09282700421940929 0.054852320675105495 0.06751054852320676 0.042194092827004225 0.09282700421940929 0.042194092827004225 0.09282700421940929 0.09282700421940929 
0.08444444444444445 0.044444444444444446 0.05777777777777779 0.05777777777777779 0.044444444444444446 0.05777777777777779 0.08444444444444445 0.09777777777777778 0.07111111111111112 0.07111111111111112 0.044444444444444446 0.09777777777777778 0.07111111111111112 0.044444444444444446 0.07111111111111112 
0.08205128205128207 0.05128205128205129 0.05128205128205129 0.05128205128205129 0.05128205128205129 0.08205128205128207 0.11282051282051284 0.06666666666666668 0.06666666666666668 0.05128205128205129 0.05128205128205129 0.06666666666666668 0.09743589743589745 0.05128205128205129 0.06666666666666668 
0.050505050505050504 0.050505050505050504 0.08080808080808081 0.08080808080808081 0.050505050505050504 0.050505050505050504 0.12626262626262627 0.06565656565656566 0.09595959595959597 0.050505050505050504 0.050505050505050504 0.06565656565656566 0.050505050505050504 0.050505050505050504 0.08080808080808081 
0.060606060606060615 0.08333333333333334 0.060606060606060615 0.04924242424242425 0.03787878787878788 0.04924242424242425 0.09469696969696971 0.10606060606060606 0.07196969696969698 0.08333333333333334 0.07196969696969698 0.08333333333333334 0.060606060606060615 0.04924242424242425 0.03787878787878788 
0.09313725490196079 0.049019607843137254 0.049019607843137254 0.049019607843137254 0.049019607843137254 0.049019607843137254 0.09313725490196079 0.07843137254901962 0.049019607843137254 0.06372549019607844 0.07843137254901962 0.06372549019607844 0.049019607843137254 0.12254901960784315 0.06372549019607844 
0.0760233918128655 0.0760233918128655 0.058479532163742694 0.058479532163742694 0.0760233918128655 0.0760233918128655 0.058479532163742694 0.11111111111111112 0.058479532163742694 0.058479532163742694 0.058479532163742694 0.058479532163742694 0.058479532163742694 0.058479532163742694 0.058479532163742694 
0.10734463276836159 0.05649717514124294 0.05649717514124294 0.05649717514124294 0.10734463276836159 0.05649717514124294 0.05649717514124294 0.07344632768361582 0.05649717514124294 0.05649717514124294 0.05649717514124294 0.07344632768361582 0.05649717514124294 0.05649717514124294 0.07344632768361582 
0.07222222222222223 0.07222222222222223 0.05555555555555556 0.07222222222222223 0.05555555555555556 0.07222222222222223 0.07222222222222223 0.07222222222222223 0.08888888888888889 0.05555555555555556 0.05555555555555556 0.07222222222222223 0.05555555555555556 0.07222222222222223 0.05555555555555556 
0.09178743961352658 0.07729468599033817 0.04830917874396135 0.04830917874396135 0.04830917874396135 0.04830917874396135 0.06280193236714977 0.06280193236714977 0.09178743961352658 0.06280193236714977 0.06280193236714977 0.12077294685990339 0.04830917874396135 0.04830917874396135 0.07729468599033817 
0.07729468599033817 0.04830917874396135 0.06280193236714977 0.04830917874396135 0.04830917874396135 0.07729468599033817 0.04830917874396135 0.06280193236714977 0.1352657004830918 0.04830917874396135 0.06280193236714977 0.06280193236714977 0.10628019323671499 0.06280193236714977 0.04830917874396135 
0.07729468599033817 0.07729468599033817 0.04830917874396135 0.06280193236714977 0.04830917874396135 0.04830917874396135 0.04830917874396135 0.06280193236714977 0.04830917874396135 0.06280193236714977 0.1642512077294686 0.09178743961352658 0.06280193236714977 0.04830917874396135 0.04830917874396135 
0.058479532163742694 0.058479532163742694 0.058479532163742694 0.09356725146198831 0.058479532163742694 0.0760233918128655 0.058479532163742694 0.058479532163742694 0.058479532163742694 0.0760233918128655 0.0760233918128655 0.058479532163742694 0.0760233918128655 0.0760233918128655 0.058479532163742694 
0.09452736318407962 0.0646766169154229 0.07960199004975126 0.04975124378109453 0.0646766169154229 0.04975124378109453 0.0646766169154229 0.04975124378109453 0.0646766169154229 0.04975124378109453 0.0646766169154229 0.0646766169154229 0.0646766169154229 0.0646766169154229 0.10945273631840798 
0.052083333333333336 0.06770833333333334 0.052083333333333336 0.06770833333333334 0.06770833333333334 0.052083333333333336 0.08333333333333334 0.052083333333333336 0.052083333333333336 0.08333333333333334 0.08333333333333334 0.06770833333333334 0.06770833333333334 0.06770833333333334 0.08333333333333334 
0.058479532163742694 0.058479532163742694 0.058479532163742694 0.058479532163742694 0.058479532163742694 0.058479532163742694 0.058479532163742694 0.058479532163742694 0.058479532163742694 0.0760233918128655 0.0760233918128655 0.058479532163742694 0.09356725146198831 0.0760233918128655 0.09356725146198831 
0.06397306397306397 0.04377104377104378 0.11447811447811448 0.06397306397306397 0.03367003367003367 0.06397306397306397 0.16498316498316498 0.03367003367003367 0.03367003367003367 0.05387205387205388 0.12457912457912458 0.04377104377104378 0.04377104377104378 0.05387205387205388 0.06397306397306397 
0.08333333333333334 0.08333333333333334 0.06770833333333334 0.052083333333333336 0.052083333333333336 0.052083333333333336 0.06770833333333334 0.06770833333333334 0.09895833333333334 0.052083333333333336 0.08333333333333334 0.06770833333333334 0.052083333333333336 0.06770833333333334 0.052083333333333336 
0.06666666666666668 0.06666666666666668 0.06666666666666668 0.12820512820512822 0.05128205128205129 0.08205128205128207 0.05128205128205129 0.05128205128205129 0.05128205128205129 0.06666666666666668 0.06666666666666668 0.05128205128205129 0.08205128205128207 0.06666666666666668 0.05128205128205129 
0.07103825136612023 0.054644808743169404 0.08743169398907105 0.054644808743169404 0.054644808743169404 0.07103825136612023 0.054644808743169404 0.1366120218579235 0.054644808743169404 0.07103825136612023 0.07103825136612023 0.054644808743169404 0.054644808743169404 0.054644808743169404 0.054644808743169404 
0.052910052910052914 0.052910052910052914 0.0687830687830688 0.0687830687830688 0.052910052910052914 0.08465608465608467 0.052910052910052914 0.052910052910052914 0.10052910052910054 0.08465608465608467 0.052910052910052914 0.0687830687830688 0.0687830687830688 0.052910052910052914 0.08465608465608467 
0.05649717514124294 0.07344632768361582 0.05649717514124294 0.07344632768361582 0.05649717514124294 0.05649717514124294 0.05649717514124294 0.05649717514124294 0.09039548022598871 0.05649717514124294 0.07344632768361582 0.09039548022598871 0.05649717514124294 0.07344632768361582 0.07344632768361582 
0.05952380952380953 0.05952380952380953 0.09523809523809525 0.05952380952380953 0.05952380952380953 0.05952380952380953 0.0773809523809524 0.11309523809523811 0.05952380952380953 0.05952380952380953 0.05952380952380953 0.05952380952380953 0.05952380952380953 0.05952380952380953 0.05952380952380953 
0.07344632768361582 0.05649717514124294 0.05649717514124294 0.09039548022598871 0.07344632768361582 0.07344632768361582 0.05649717514124294 0.09039548022598871 0.07344632768361582 0.05649717514124294 0.05649717514124294 0.05649717514124294 0.05649717514124294 0.07344632768361582 0.05649717514124294 
0.058479532163742694 0.0760233918128655 0.0760233918128655 0.0760233918128655 0.058479532163742694 0.0760233918128655 0.058479532163742694 0.058479532163742694 0.058479532163742694 0.058479532163742694 0.058479532163742694 0.058479532163742694 0.0760233918128655 0.0760233918128655 0.0760233918128655 
0.07222222222222223 0.05555555555555556 0.05555555555555556 0.07222222222222223 0.05555555555555556 0.07222222222222223 0.07222222222222223 0.05555555555555556 0.05555555555555556 0.05555555555555556 0.05555555555555556 0.08888888888888889 0.10555555555555557 0.07222222222222223 0.05555555555555556 
0.058479532163742694 0.058479532163742694 0.058479532163742694 0.058479532163742694 0.058479532163742694 0.058479532163742694 0.09356725146198831 0.0760233918128655 0.058479532163742694 0.0760233918128655 0.058479532163742694 0.09356725146198831 0.058479532163742694 0.0760233918128655 0.058479532163742694 
0.06770833333333334 0.08333333333333334 0.052083333333333336 0.06770833333333334 0.052083333333333336 0.052083333333333336 0.052083333333333336 0.08333333333333334 0.052083333333333336 0.06770833333333334 0.08333333333333334 0.09895833333333334 0.052083333333333336 0.06770833333333334 0.06770833333333334 
0.06770833333333334 0.052083333333333336 0.06770833333333334 0.06770833333333334 0.06770833333333334 0.052083333333333336 0.052083333333333336 0.052083333333333336 0.08333333333333334 0.06770833333333334 0.052083333333333336 0.08333333333333334 0.13020833333333334 0.052083333333333336 0.052083333333333336 
0.102880658436214 0.09053497942386832 0.0411522633744856 0.07818930041152264 0.05349794238683128 0.05349794238683128 0.05349794238683128 0.05349794238683128 0.0411522633744856 0.13991769547325103 0.05349794238683128 0.07818930041152264 0.0411522633744856 0.07818930041152264 0.0411522633744856 
0.07305936073059362 0.10045662100456622 0.07305936073059362 0.07305936073059362 0.059360730593607317 0.07305936073059362 0.04566210045662101 0.04566210045662101 0.04566210045662101 0.059360730593607317 0.059360730593607317 0.08675799086757992 0.08675799086757992 0.059360730593607317 0.059360730593607317 
0.049019607843137254 0.049019607843137254 0.049019607843137254 0.07843137254901962 0.09313725490196079 0.07843137254901962 0.049019607843137254 0.049019607843137254 0.07843137254901962 0.09313725490196079 0.049019607843137254 0.07843137254901962 0.049019607843137254 0.07843137254901962 0.07843137254901962 
0.04504504504504505 0.07207207207207209 0.04504504504504505 0.04504504504504505 0.07207207207207209 0.058558558558558564 0.04504504504504505 0.058558558558558564 0.0855855855855856 0.04504504504504505 0.04504504504504505 0.058558558558558564 0.058558558558558564 0.09909909909909911 0.16666666666666669 
0.053763440860215055 0.06989247311827958 0.053763440860215055 0.10215053763440861 0.053763440860215055 0.08602150537634409 0.053763440860215055 0.053763440860215055 0.06989247311827958 0.053763440860215055 0.053763440860215055 0.10215053763440861 0.053763440860215055 0.08602150537634409 0.053763440860215055 
0.054644808743169404 0.054644808743169404 0.07103825136612023 0.054644808743169404 0.054644808743169404 0.08743169398907105 0.054644808743169404 0.054644808743169404 0.10382513661202186 0.08743169398907105 0.054644808743169404 0.054644808743169404 0.054644808743169404 0.08743169398907105 0.07103825136612023 
0.0787878787878788 0.06060606060606061 0.0787878787878788 0.06060606060606061 0.06060606060606061 0.06060606060606061 0.0787878787878788 0.06060606060606061 0.06060606060606061 0.06060606060606061 0.06060606060606061 0.06060606060606061 0.0787878787878788 0.06060606060606061 0.0787878787878788 
0.06666666666666668 0.06666666666666668 0.05128205128205129 0.05128205128205129 0.05128205128205129 0.05128205128205129 0.08205128205128207 0.06666666666666668 0.05128205128205129 0.05128205128205129 0.08205128205128207 0.06666666666666668 0.06666666666666668 0.05128205128205129 0.1435897435897436 
0.061904761904761914 0.061904761904761914 0.04761904761904762 0.04761904761904762 0.04761904761904762 0.09047619047619049 0.061904761904761914 0.0761904761904762 0.0761904761904762 0.04761904761904762 0.061904761904761914 0.09047619047619049 0.0761904761904762 0.0761904761904762 0.0761904761904762 
0.10185185185185186 0.060185185185185196 0.0462962962962963 0.08796296296296297 0.0462962962962963 0.0462962962962963 0.060185185185185196 0.10185185185185186 0.0462962962962963 0.060185185185185196 0.10185185185185186 0.0462962962962963 0.07407407407407408 0.060185185185185196 0.060185185185185196 
0.05555555555555556 0.05555555555555556 0.07222222222222223 0.10555555555555557 0.05555555555555556 0.05555555555555556 0.05555555555555556 0.07222222222222223 0.07222222222222223 0.07222222222222223 0.07222222222222223 0.05555555555555556 0.05555555555555556 0.08888888888888889 0.05555555555555556 
0.06989247311827958 0.06989247311827958 0.053763440860215055 0.06989247311827958 0.053763440860215055 0.08602150537634409 0.053763440860215055 0.06989247311827958 0.053763440860215055 0.06989247311827958 0.10215053763440861 0.053763440860215055 0.053763440860215055 0.08602150537634409 0.053763440860215055 
0.042735042735042736 0.055555555555555566 0.06837606837606838 0.06837606837606838 0.17094017094017094 0.055555555555555566 0.042735042735042736 0.042735042735042736 0.0811965811965812 0.06837606837606838 0.042735042735042736 0.055555555555555566 0.09401709401709403 0.06837606837606838 0.042735042735042736 
0.05747126436781609 0.09195402298850576 0.05747126436781609 0.05747126436781609 0.05747126436781609 0.05747126436781609 0.05747126436781609 0.09195402298850576 0.05747126436781609 0.05747126436781609 0.07471264367816093 0.09195402298850576 0.05747126436781609 0.07471264367816093 0.05747126436781609 
0.05747126436781609 0.09195402298850576 0.07471264367816093 0.05747126436781609 0.05747126436781609 0.07471264367816093 0.05747126436781609 0.09195402298850576 0.05747126436781609 0.05747126436781609 0.05747126436781609 0.05747126436781609 0.07471264367816093 0.05747126436781609 0.07471264367816093 
0.08602150537634409 0.06989247311827958 0.06989247311827958 0.053763440860215055 0.06989247311827958 0.053763440860215055 0.06989247311827958 0.053763440860215055 0.06989247311827958 0.06989247311827958 0.053763440860215055 0.06989247311827958 0.053763440860215055 0.06989247311827958 0.08602150537634409 
0.04504504504504505 0.058558558558558564 0.07207207207207209 0.058558558558558564 0.0855855855855856 0.058558558558558564 0.09909909909909911 0.0855855855855856 0.0855855855855856 0.04504504504504505 0.058558558558558564 0.058558558558558564 0.058558558558558564 0.04504504504504505 0.0855855855855856 
0.04975124378109453 0.0646766169154229 0.04975124378109453 0.04975124378109453 0.04975124378109453 0.09452736318407962 0.04975124378109453 0.10945273631840798 0.04975124378109453 0.0646766169154229 0.09452736318407962 0.07960199004975126 0.04975124378109453 0.0646766169154229 0.07960199004975126 
0.048689138576779034 0.03745318352059925 0.05992509363295881 0.03745318352059925 0.149812734082397 0.05992509363295881 0.048689138576779034 0.07116104868913858 0.048689138576779034 0.048689138576779034 0.17228464419475656 0.05992509363295881 0.03745318352059925 0.05992509363295881 0.05992509363295881 
0.055555555555555566 0.042735042735042736 0.0811965811965812 0.042735042735042736 0.0811965811965812 0.042735042735042736 0.055555555555555566 0.055555555555555566 0.042735042735042736 0.06837606837606838 0.2222222222222222 0.042735042735042736 0.0811965811965812 0.042735042735042736 0.042735042735042736 
0.04385964912280702 0.04385964912280702 0.057017543859649134 0.057017543859649134 0.08333333333333334 0.057017543859649134 0.057017543859649134 0.057017543859649134 0.04385964912280702 0.07017543859649124 0.21491228070175436 0.07017543859649124 0.04385964912280702 0.04385964912280702 0.057017543859649134 
0.06666666666666668 0.054166666666666675 0.054166666666666675 0.054166666666666675 0.12916666666666668 0.04166666666666667 0.054166666666666675 0.06666666666666668 0.06666666666666668 0.054166666666666675 0.15416666666666667 0.04166666666666667 0.07916666666666668 0.04166666666666667 0.04166666666666667 
0.03831417624521073 0.04980842911877395 0.04980842911877395 0.06130268199233717 0.18773946360153254 0.03831417624521073 0.0842911877394636 0.04980842911877395 0.04980842911877395 0.03831417624521073 0.15325670498084293 0.04980842911877395 0.03831417624521073 0.03831417624521073 0.07279693486590039 
0.07017543859649124 0.07017543859649124 0.04385964912280702 0.04385964912280702 0.07017543859649124 0.04385964912280702 0.04385964912280702 0.057017543859649134 0.04385964912280702 0.04385964912280702 0.25438596491228066 0.04385964912280702 0.04385964912280702 0.07017543859649124 0.057017543859649134 
0.055555555555555566 0.042735042735042736 0.09401709401709403 0.042735042735042736 0.0811965811965812 0.042735042735042736 0.06837606837606838 0.055555555555555566 0.042735042735042736 0.055555555555555566 0.20940170940170938 0.0811965811965812 0.042735042735042736 0.042735042735042736 0.042735042735042736 
0.054166666666666675 0.054166666666666675 0.04166666666666667 0.04166666666666667 0.16666666666666669 0.054166666666666675 0.054166666666666675 0.054166666666666675 0.07916666666666668 0.04166666666666667 0.15416666666666667 0.04166666666666667 0.07916666666666668 0.04166666666666667 0.04166666666666667 
0.06372549019607844 0.06372549019607844 0.06372549019607844 0.06372549019607844 0.10784313725490197 0.049019607843137254 0.049019607843137254 0.049019607843137254 0.06372549019607844 0.049019607843137254 0.13725490196078433 0.06372549019607844 0.049019607843137254 0.049019607843137254 0.07843137254901962 
0.04385964912280702 0.07017543859649124 0.04385964912280702 0.057017543859649134 0.14912280701754388 0.057017543859649134 0.04385964912280702 0.07017543859649124 0.057017543859649134 0.04385964912280702 0.10964912280701755 0.07017543859649124 0.04385964912280702 0.07017543859649124 0.07017543859649124 
0.06584362139917696 0.0411522633744856 0.06584362139917696 0.0411522633744856 0.06584362139917696 0.09053497942386832 0.0411522633744856 0.05349794238683128 0.05349794238683128 0.0411522633744856 0.2139917695473251 0.06584362139917696 0.0411522633744856 0.05349794238683128 0.06584362139917696 
0.07111111111111112 0.044444444444444446 0.044444444444444446 0.044444444444444446 0.07111111111111112 0.044444444444444446 0.09777777777777778 0.05777777777777779 0.044444444444444446 0.07111111111111112 0.20444444444444446 0.07111111111111112 0.044444444444444446 0.044444444444444446 0.044444444444444446 
0.044444444444444446 0.044444444444444446 0.05777777777777779 0.044444444444444446 0.13777777777777778 0.044444444444444446 0.07111111111111112 0.05777777777777779 0.05777777777777779 0.044444444444444446 0.16444444444444445 0.07111111111111112 0.044444444444444446 0.05777777777777779 0.05777777777777779 
0.1596244131455399 0.08920187793427231 0.04694835680751174 0.04694835680751174 0.061032863849765265 0.061032863849765265 0.04694835680751174 0.061032863849765265 0.04694835680751174 0.061032863849765265 0.07511737089201878 0.07511737089201878 0.07511737089201878 0.04694835680751174 0.04694835680751174 
0.05952380952380953 0.05952380952380953 0.05952380952380953 0.0773809523809524 0.0773809523809524 0.05952380952380953 0.05952380952380953 0.09523809523809525 0.05952380952380953 0.0773809523809524 0.05952380952380953 0.0773809523809524 0.05952380952380953 0.05952380952380953 0.05952380952380953 
0.08333333333333334 0.06770833333333334 0.052083333333333336 0.08333333333333334 0.06770833333333334 0.052083333333333336 0.052083333333333336 0.06770833333333334 0.06770833333333334 0.09895833333333334 0.052083333333333336 0.06770833333333334 0.052083333333333336 0.06770833333333334 0.06770833333333334 
0.0687830687830688 0.052910052910052914 0.10052910052910054 0.10052910052910054 0.052910052910052914 0.052910052910052914 0.10052910052910054 0.0687830687830688 0.052910052910052914 0.052910052910052914 0.0687830687830688 0.052910052910052914 0.052910052910052914 0.0687830687830688 0.052910052910052914 
0.06770833333333334 0.052083333333333336 0.052083333333333336 0.06770833333333334 0.052083333333333336 0.08333333333333334 0.08333333333333334 0.052083333333333336 0.052083333333333336 0.06770833333333334 0.06770833333333334 0.052083333333333336 0.06770833333333334 0.09895833333333334 0.08333333333333334 
0.05555555555555556 0.05555555555555556 0.10555555555555557 0.05555555555555556 0.05555555555555556 0.05555555555555556 0.08888888888888889 0.05555555555555556 0.07222222222222223 0.05555555555555556 0.05555555555555556 0.05555555555555556 0.08888888888888889 0.07222222222222223 0.07222222222222223 
0.05747126436781609 0.05747126436781609 0.10919540229885058 0.07471264367816093 0.05747126436781609 0.09195402298850576 0.05747126436781609 0.05747126436781609 0.05747126436781609 0.05747126436781609 0.05747126436781609 0.05747126436781609 0.07471264367816093 0.05747126436781609 0.07471264367816093 
0.07222222222222223 0.10555555555555557 0.05555555555555556 0.05555555555555556 0.05555555555555556 0.05555555555555556 0.05555555555555556 0.07222222222222223 0.10555555555555557 0.05555555555555556 0.05555555555555556 0.07222222222222223 0.05555555555555556 0.07222222222222223 0.05555555555555556 
0.10555555555555557 0.07222222222222223 0.05555555555555556 0.05555555555555556 0.05555555555555556 0.05555555555555556 0.05555555555555556 0.05555555555555556 0.05555555555555556 0.05555555555555556 0.1388888888888889 0.05555555555555556 0.05555555555555556 0.05555555555555556 0.07222222222222223 
0.053763440860215055 0.06989247311827958 0.053763440860215055 0.06989247311827958 0.06989247311827958 0.053763440860215055 0.06989247311827958 0.06989247311827958 0.06989247311827958 0.053763440860215055 0.08602150537634409 0.06989247311827958 0.06989247311827958 0.053763440860215055 0.08602150537634409 
0.08465608465608467 0.052910052910052914 0.10052910052910054 0.0687830687830688 0.052910052910052914 0.0687830687830688 0.052910052910052914 0.08465608465608467 0.0687830687830688 0.08465608465608467 0.052910052910052914 0.052910052910052914 0.052910052910052914 0.052910052910052914 0.0687830687830688 
0.08888888888888889 0.05555555555555556 0.05555555555555556 0.07222222222222223 0.10555555555555557 0.07222222222222223 0.07222222222222223 0.05555555555555556 0.07222222222222223 0.05555555555555556 0.07222222222222223 0.05555555555555556 0.05555555555555556 0.05555555555555556 0.05555555555555556 
0.0760233918128655 0.058479532163742694 0.058479532163742694 0.058479532163742694 0.058479532163742694 0.0760233918128655 0.058479532163742694 0.058479532163742694 0.0760233918128655 0.09356725146198831 0.058479532163742694 0.0760233918128655 0.058479532163742694 0.058479532163742694 0.0760233918128655 
0.05952380952380953 0.0773809523809524 0.05952380952380953 0.05952380952380953 0.05952380952380953 0.09523809523809525 0.05952380952380953 0.05952380952380953 0.05952380952380953 0.05952380952380953 0.0773809523809524 0.05952380952380953 0.09523809523809525 0.05952380952380953 0.05952380952380953 
